2021	1	0	0	Hombres	2633.88327495511	\N
2022	1	0	0	Hombres	2714.509218945821	3.0611055
2023	1	0	0	Hombres	2777.908978598261	2.3355882
2024	1	0	0	Hombres	2804.2128196518233	0.9468936
2025	1	0	0	Hombres	2843.801013365462	1.41174
2026	1	0	0	Hombres	2991.067939045163	5.1785245
2027	1	0	0	Hombres	3054.295422644826	2.1138766
2028	1	0	0	Hombres	3133.7107353953866	2.6001189
2029	1	0	0	Hombres	3200.239860211044	2.1230142
2030	1	0	0	Hombres	3261.3388260762745	1.9091996
2031	1	0	0	Hombres	3317.1688773104356	1.7118752
2032	1	0	0	Hombres	3386.733917084684	2.0971208
2033	1	0	0	Hombres	3459.4517062149093	2.1471362
2034	1	0	0	Hombres	3532.056247935513	2.0987298
2035	1	0	0	Hombres	3605.6008766084874	2.0822043
2021	1	1	1	Mujeres	2527.2287151958785	\N
2022	1	1	1	Mujeres	2532.4661606535083	0.20724066
2023	1	1	1	Mujeres	2606.3050933288514	2.9156928
2024	1	1	1	Mujeres	2666.3687638246433	2.3045526
2025	1	1	1	Mujeres	2691.5213269760184	0.9433265
2026	1	1	1	Mujeres	2736.499287971335	1.6710981
2027	1	1	1	Mujeres	2881.005944877364	5.2807126
2028	1	1	1	Mujeres	2947.0267904899265	2.29159
2029	1	1	1	Mujeres	3008.2707915184674	2.0781624
2030	1	1	1	Mujeres	3065.324279510901	1.8965542
2031	1	1	1	Mujeres	3117.755208201989	1.7104529
2032	1	1	1	Mujeres	3172.270900474253	1.7485559
2033	1	1	1	Mujeres	3238.6921882138513	2.093809
2034	1	1	1	Mujeres	3305.887436367317	2.074765
2035	1	1	1	Mujeres	3375.157780099612	2.0953631
2021	1	1	1	Total	5247.897801191037	\N
2022	1	1	1	Total	5234.753567121181	-0.25046664
2023	1	1	1	Total	5389.898849766459	2.9637551
2024	1	1	1	Total	5514.056726447307	2.3035288
2025	1	1	1	Total	5566.228329709271	0.94615644
2026	1	1	1	Total	5657.947008146091	1.6477706
2027	1	1	1	Total	5957.552135485494	5.2952976
2028	1	1	1	Total	6095.4479324300755	2.3146386
2029	1	1	1	Total	6227.453227481194	2.1656373
2030	1	1	1	Total	6343.1731873055505	1.8582228
2031	1	1	1	Total	6449.650104555528	1.6786065
2032	1	1	1	Total	6559.388319006712	1.70146
2033	1	1	1	Total	6696.183463501271	2.0854864
2034	1	1	1	Total	6835.494262323672	2.0804508
2035	1	1	1	Total	6978.187364159459	2.0875316
2021	1	10	10	Mujeres	3575.431993151407	\N
2022	1	10	10	Mujeres	3617.293550139141	1.1708112
2023	1	10	10	Mujeres	3585.808983934552	-0.8703901
2024	1	10	10	Mujeres	3451.200263210369	-3.753929
2025	1	10	10	Mujeres	3611.2737570705294	4.638198
2026	1	10	10	Mujeres	3582.9548861939165	-0.78417957
2027	1	10	10	Mujeres	3539.5195781097746	-1.2122762
2028	1	10	10	Mujeres	3468.9536896298114	-1.9936572
2029	1	10	10	Mujeres	3366.6200563756665	-2.9499855
2030	1	10	10	Mujeres	3176.303268759282	-5.6530523
2031	1	10	10	Mujeres	3184.6985094914935	0.26430854
2032	1	10	10	Mujeres	3260.507077712196	2.3804002
2033	1	10	10	Mujeres	3322.76916523227	1.909583
2034	1	10	10	Mujeres	3349.4480128040523	0.80291003
2035	1	10	10	Mujeres	3389.6743080929427	1.2009828
2021	1	10	10	Total	7339.081135393937	\N
2022	1	10	10	Total	7474.439608977865	1.8443518
2023	1	10	10	Total	7479.939861985045	0.0735875
2024	1	10	10	Total	6996.80859678117	-6.459026
2025	1	10	10	Total	7286.632814089729	4.1422343
2026	1	10	10	Total	7253.793520268282	-0.4506786
2027	1	10	10	Total	7166.323743082855	-1.2058487
2028	1	10	10	Total	6972.365143880337	-2.7065287
2029	1	10	10	Total	6682.381345880523	-4.1590447
2030	1	10	10	Total	6465.579430268376	-3.2443812
2031	1	10	10	Total	6458.650654666147	-0.10716403
2032	1	10	10	Total	6617.270422753976	2.4559274
2033	1	10	10	Total	6745.137033504977	1.9323165
2034	1	10	10	Total	6799.54653597092	0.80664784
2035	1	10	10	Total	6881.153796604027	1.2001868
2021	1	100 ó más	100	Mujeres	16.112038206548377	\N
2022	1	100 ó más	100	Mujeres	10.03727900951376	-37.70323
2023	1	100 ó más	100	Mujeres	9.574312524681748	-4.61247
2024	1	100 ó más	100	Mujeres	7.751975962934194	-19.033602
2025	1	100 ó más	100	Mujeres	7.93513151306404	2.362695
2026	1	100 ó más	100	Mujeres	8.8533849258402	11.572
2027	1	100 ó más	100	Mujeres	9.20885217601276	4.0150433
2028	1	100 ó más	100	Mujeres	9.537577456652752	3.5696661
2029	1	100 ó más	100	Mujeres	10.901855341060358	14.304239
2030	1	100 ó más	100	Mujeres	11.500910992570226	5.494988
2031	1	100 ó más	100	Mujeres	12.950155543787142	12.601129
2032	1	100 ó más	100	Mujeres	13.137192240804726	1.4442815
2033	1	100 ó más	100	Mujeres	14.579083491118258	10.975642
2034	1	100 ó más	100	Mujeres	14.896943387020452	2.180246
2035	1	100 ó más	100	Mujeres	14.763235212930596	-0.8975544
2021	1	100 ó más	100	Total	27.268653462997385	\N
2022	1	100 ó más	100	Total	19.313617366672325	-29.172823
2023	1	100 ó más	100	Total	20.002407654615062	3.5663452
2024	1	100 ó más	100	Total	18.175817097838937	-9.131853
2025	1	100 ó más	100	Total	17.92952964512654	-1.3550283
2026	1	100 ó más	100	Total	17.192196896111895	-4.1123934
2027	1	100 ó más	100	Total	18.606068076785252	8.223912
2028	1	100 ó más	100	Total	18.355546824997603	-1.3464491
2029	1	100 ó más	100	Total	21.086824047029737	14.879847
2030	1	100 ó más	100	Total	21.44948380750528	1.7198406
